2.5e-19
5e-19
7.5e-19
1e-18
2.25e-18
3.5e-18
4.75e-18
6e-18
1.225e-17
1.85e-17
2.475e-17
3.1e-17
6.225e-17
9.35e-17
1.2475e-16
1.56e-16
2.2385e-16
2.9169e-16
3.5954e-16
4.2739e-16
5.1313e-16
5.9887e-16
6.8462e-16
7.7036e-16
8.5692e-16
9.4348e-16
1.03e-15
1.1166e-15
1.2067e-15
1.2968e-15
1.3869e-15
1.4771e-15
1.5732e-15
1.6694e-15
1.7655e-15
1.8617e-15
1.9654e-15
2.0691e-15
2.1729e-15
2.2766e-15
2.3895e-15
2.5023e-15
2.6152e-15
2.7281e-15
2.8519e-15
2.9758e-15
3.0996e-15
3.2234e-15
3.3604e-15
3.4973e-15
3.6343e-15
3.7712e-15
3.9237e-15
4.0762e-15
4.2288e-15
4.3813e-15
4.5496e-15
4.7179e-15
4.8863e-15
5.0546e-15
5.2369e-15
5.4191e-15
5.6013e-15
5.7835e-15
5.9833e-15
6.183e-15
6.3827e-15
6.5825e-15
6.8044e-15
7.0262e-15
7.2481e-15
7.47e-15
7.7211e-15
7.9722e-15
8.2232e-15
8.4743e-15
8.7675e-15
9.0606e-15
9.3537e-15
9.6469e-15
9.9577e-15
1.0268e-14
1.0579e-14
1.089e-14
1.1205e-14
1.1519e-14
1.1834e-14
1.2148e-14
1.2485e-14
1.2821e-14
1.3157e-14
1.3493e-14
1.3863e-14
1.4234e-14
1.4604e-14
1.4974e-14
1.5393e-14
1.5811e-14
1.623e-14
1.6648e-14
1.709e-14
1.7531e-14
1.7973e-14
1.8415e-14
1.8874e-14
1.9333e-14
1.9793e-14
2.0252e-14
2.0704e-14
2.1157e-14
2.1609e-14
2.2061e-14
2.2603e-14
2.3144e-14
2.3686e-14
2.4227e-14
2.4946e-14
2.5665e-14
2.6383e-14
2.7102e-14
2.7967e-14
2.8833e-14
2.9698e-14
3.0564e-14
3.161e-14
3.2655e-14
3.3701e-14
3.4747e-14
3.6025e-14
3.7302e-14
3.858e-14
3.9857e-14
4.1439e-14
4.3021e-14
4.4603e-14
4.6185e-14
4.8176e-14
5.0167e-14
5.2159e-14
5.415e-14
5.6621e-14
5.9092e-14
6.1563e-14
6.4034e-14
6.6965e-14
6.9897e-14
7.2829e-14
7.5761e-14
7.9273e-14
8.2785e-14
8.6298e-14
8.981e-14
9.4055e-14
9.83e-14
1.0254e-13
1.0679e-13
1.1196e-13
1.1714e-13
1.2231e-13
1.2749e-13
1.3385e-13
1.4022e-13
1.4658e-13
1.5295e-13
1.6084e-13
1.6874e-13
1.7664e-13
1.8453e-13
1.9441e-13
2.0429e-13
2.1417e-13
2.2405e-13
2.3652e-13
2.49e-13
2.6147e-13
2.7394e-13
2.8984e-13
3.0573e-13
3.2162e-13
3.3751e-13
3.5795e-13
3.7839e-13
3.9883e-13
4.1927e-13
4.4582e-13
4.7237e-13
4.9892e-13
5.2546e-13
5.6031e-13
5.9515e-13
6.3e-13
6.6484e-13
7.1108e-13
7.5732e-13
8.0356e-13
8.4979e-13
9.1186e-13
9.7393e-13
1.036e-12
1.0981e-12
1.1824e-12
1.2668e-12
1.3512e-12
1.4355e-12
1.5517e-12
1.6679e-12
1.7841e-12
1.9002e-12
2.0625e-12
2.2248e-12
2.3871e-12
2.5494e-12
2.7796e-12
3.0097e-12
3.2399e-12
3.4701e-12
3.7201e-12
3.9701e-12
4.2201e-12
4.4701e-12
4.7201e-12
4.9701e-12
5.2201e-12
5.4701e-12
5.7201e-12
5.9701e-12
6.2201e-12
6.4701e-12
6.7201e-12
6.9701e-12
7.2201e-12
7.4701e-12
7.7201e-12
7.9701e-12
8.2201e-12
8.4701e-12
8.7201e-12
8.9701e-12
9.2201e-12
9.4701e-12
9.6025e-12
9.735e-12
9.8675e-12
9.9500e-12
1e-11